1	149
1	198
1	329
1	456
1	460
1	461
2	39
2	443
2	459
2	464
2	491
2	494
3	109
3	143
3	376
3	460
3	474
3	496
4	324
4	392
4	440
4	443
4	459
4	494
5	434
5	439
5	448
5	463
5	492
5	497
6	154
6	246
6	271
6	317
6	322
6	458
7	69
7	144
7	168
7	263
7	372
7	378
8	70
8	114
8	376
8	429
8	474
8	496
9	410
9	413
9	467
9	477
9	482
9	485
10	240
10	309
10	407
10	438
10	478
10	493
11	380
11	412
11	442
11	447
11	450
11	454
12	13
12	300
12	325
12	368
12	429
12	480
13	12
13	192
13	195
13	254
13	315
13	333
14	195
14	354
14	379
14	436
14	471
14	498
15	342
15	404
15	424
15	469
15	486
15	495
16	200
16	377
16	390
16	422
16	445
16	452
17	348
17	401
17	428
17	455
17	467
17	482
18	38
18	201
18	209
18	435
18	462
18	472
19	23
19	376
19	430
19	441
19	474
19	488
20	173
20	407
20	436
20	438
20	458
20	478
21	145
21	315
21	339
21	344
21	405
21	465
22	37
22	54
22	129
22	248
22	346
22	389
23	19
23	122
23	446
23	468
23	488
23	496
24	280
24	337
24	342
24	373
24	394
24	475
25	170
25	382
25	430
25	468
25	488
25	496
26	264
26	363
26	413
26	455
26	482
26	485
27	29
27	150
27	169
27	359
27	432
27	477
28	107
28	227
28	239
28	327
28	335
28	350
29	27
29	351
29	393
29	415
29	477
29	489
30	111
30	380
30	417
30	442
30	450
30	454
31	371
31	396
31	423
31	424
31	486
31	495
32	179
32	431
32	446
32	449
32	462
32	468
33	268
33	279
33	292
33	333
33	466
33	493
34	105
34	119
34	136
34	204
34	248
34	389
35	197
35	361
35	417
35	442
35	450
35	454
36	275
36	324
36	349
36	426
36	440
36	464
37	22
37	202
37	204
37	248
37	346
37	389
38	18
38	157
38	193
38	338
38	340
38	472
39	2
39	226
39	374
39	391
39	421
39	499
40	167
40	210
40	243
40	269
40	306
40	417
41	99
41	304
41	333
41	398
41	461
41	466
42	410
42	413
42	467
42	470
42	481
42	485
43	170
43	332
43	386
43	468
43	475
43	496
44	126
44	364
44	451
44	468
44	474
44	480
45	192
45	250
45	349
45	357
45	466
45	470
46	105
46	119
46	129
46	204
46	346
46	389
47	93
47	141
47	359
47	383
47	414
47	418
48	334
48	337
48	373
48	393
48	394
48	475
49	426
49	431
49	437
49	443
49	464
49	491
50	70
50	139
50	242
50	253
50	327
50	350
51	150
51	351
51	357
51	359
51	434
51	489
52	226
52	375
52	391
52	441
52	456
52	499
53	101
53	347
53	407
53	438
53	478
53	498
54	22
54	129
54	159
54	202
54	346
54	389
55	106
55	337
55	373
55	393
55	394
55	475
56	68
56	154
56	181
56	215
56	317
56	322
57	63
57	372
57	378
57	451
57	480
57	488
58	109
58	203
58	390
58	393
58	394
58	475
59	273
59	287
59	319
59	341
59	427
59	436
60	126
60	360
60	457
60	476
60	488
60	489
61	164
61	183
61	263
61	310
61	372
61	378
62	403
62	420
62	421
62	441
62	456
62	499
63	57
63	72
63	166
63	310
63	372
63	378
64	361
64	405
64	442
64	447
64	450
64	454
65	73
65	132
65	273
65	471
65	494
65	498
66	130
66	355
66	398
66	400
66	461
66	482
67	241
67	333
67	392
67	443
67	491
67	494
68	56
68	181
68	246
68	271
68	317
68	322
69	7
69	107
69	227
69	284
69	313
69	350
70	8
70	50
70	90
70	253
70	313
70	350
71	155
71	333
71	397
71	466
71	470
71	481
72	63
72	263
72	310
72	372
72	378
72	451
73	65
73	222
73	379
73	416
73	436
73	498
74	351
74	381
74	415
74	465
74	476
74	477
75	232
75	347
75	384
75	385
75	387
75	453
76	377
76	390
76	402
76	403
76	420
76	422
77	356
77	439
77	479
77	487
77	490
77	492
78	147
78	358
78	408
78	419
78	435
78	472
79	122
79	125
79	262
79	358
79	366
79	435
80	200
80	206
80	272
80	282
80	402
80	433
81	362
81	371
81	452
81	469
81	486
81	495
82	331
82	351
82	357
82	383
82	432
82	476
83	252
83	256
83	315
83	349
83	460
83	470
84	102
84	377
84	390
84	422
84	433
84	445
85	217
85	237
85	259
85	270
85	343
85	477
86	224
86	347
86	377
86	403
86	422
86	433
87	141
87	246
87	317
87	435
87	453
87	462
88	297
88	323
88	356
88	375
88	391
88	499
89	181
89	215
89	271
89	317
89	322
89	383
90	70
90	119
90	227
90	239
90	327
90	350
91	172
91	228
91	335
91	368
91	457
91	468
92	131
92	245
92	251
92	269
92	306
92	360
93	47
93	383
93	458
93	471
93	475
93	477
94	168
94	279
94	426
94	440
94	459
94	491
95	325
95	430
95	474
95	481
95	483
95	496
96	376
96	420
96	446
96	474
96	480
96	488
97	202
97	248
97	252
97	389
97	460
97	461
98	131
98	167
98	210
98	251
98	301
98	306
99	41
99	127
99	189
99	235
99	261
99	281
100	328
100	437
100	444
100	459
100	464
100	494
101	53
101	300
101	341
101	416
101	478
101	498
102	84
102	167
102	243
102	382
102	451
102	474
103	326
103	339
103	360
103	444
103	476
103	500
104	177
104	292
104	304
104	400
104	460
104	470
105	34
105	46
105	119
105	159
105	346
105	389
106	55
106	280
106	337
106	373
106	393
106	394
107	28
107	69
107	242
107	284
107	313
107	327
108	233
108	325
108	382
108	386
108	468
108	496
109	3
109	58
109	190
109	266
109	278
109	337
109	393
110	185
110	213
110	323
110	364
110	421
110	441
110	499
111	30
111	135
111	208
111	380
111	417
111	450
111	454
112	148
112	189
112	261
112	281
112	344
112	414
112	470
113	381
113	399
113	410
113	460
113	481
113	482
113	485
114	8
114	140
114	233
114	426
114	446
114	480
114	488
115	224
115	307
115	321
115	370
115	410
115	467
115	485
116	319
116	379
116	436
116	458
116	471
116	476
116	478
117	295
117	312
117	436
117	450
117	459
117	464
117	494
118	212
118	354
118	379
118	427
118	458
118	471
118	498
119	34
119	46
119	90
119	105
119	202
119	346
119	389
120	121
120	156
120	292
120	333
120	345
120	461
120	493
121	120
121	340
121	358
121	419
121	435
121	462
121	472
122	23
122	79
122	157
122	209
122	347
122	435
122	453
123	194
123	267
123	294
123	365
123	395
123	396
123	495
124	187
124	352
124	439
124	473
124	490
124	492
124	497
125	79
125	157
125	340
125	384
125	386
125	387
125	418
126	44
126	60
126	129
126	172
126	325
126	429
126	480
127	99
127	156
127	166
127	235
127	261
127	281
127	367
128	291
128	307
128	410
128	413
128	467
128	481
128	485
129	22
129	46
129	54
129	126
129	204
129	346
129	389
130	66
130	147
130	152
130	252
130	483
130	485
130	488
131	92
131	98
131	210
131	251
131	269
131	306
131	382
132	65
132	341
132	379
132	407
132	427
132	436
132	478
133	274
133	336
133	404
133	452
133	469
133	486
133	495
134	257
134	262
134	267
134	387
134	408
134	453
134	462
135	111
135	257
135	332
135	432
135	444
135	462
135	489
136	34
136	195
136	252
136	355
136	400
136	460
136	470
137	291
137	425
137	482
137	485
137	487
137	490
137	497
138	293
138	352
138	369
138	388
138	490
138	492
138	497
139	50
139	239
139	284
139	313
139	327
139	350
139	463
140	114
140	162
140	325
140	368
140	430
140	475
140	496
141	47
141	87
141	160
141	351
141	432
141	476
141	500
142	193
142	356
142	374
142	395
142	441
142	456
142	499
143	3
143	147
143	198
143	329
143	331
143	401
143	470
144	7
144	188
144	263
144	310
144	372
144	378
144	493
145	21
145	295
145	364
145	407
145	468
145	474
145	478
146	199
146	402
146	403
146	422
146	433
146	445
146	493
147	78
147	130
147	143
147	177
147	304
147	460
147	470
148	112
148	229
148	360
148	383
148	414
148	465
148	489
149	1
149	326
149	444
149	460
149	470
149	476
149	500
150	27
150	51
150	351
150	414
150	415
150	465
150	500
151	239
151	242
151	284
151	313
151	318
151	327
151	350
152	130
152	234
152	302
152	416
152	468
152	475
152	498
153	160
153	432
153	465
153	476
153	477
153	489
153	500
154	6
154	56
154	246
154	268
154	271
154	317
154	322
155	71
155	294
155	397
155	398
155	430
155	483
155	493
156	120
156	127
156	235
156	261
156	281
156	400
156	466
157	38
157	122
157	125
157	408
157	434
157	435
157	462
158	274
158	342
158	362
158	452
158	460
158	469
158	495
159	54
159	105
159	202
159	204
159	248
159	346
159	389
160	141
160	153
160	344
160	359
160	444
160	476
160	500
161	165
161	296
161	420
161	421
161	439
161	456
161	499
162	140
162	388
162	411
162	434
162	448
162	463
162	479
163	207
163	217
163	237
163	259
163	270
163	477
163	493
164	61
164	183
164	263
164	310
164	322
164	372
164	378
165	161
165	211
165	356
165	374
165	391
165	456
165	499
166	63
166	127
166	189
166	235
166	261
166	281
166	367
167	40
167	98
167	102
167	210
167	243
167	269
167	306
168	7
168	94
168	183
168	188
168	310
168	372
168	378
169	27
169	299
169	387
169	419
169	435
169	453
169	472
170	25
170	43
170	300
170	431
170	451
170	457
170	475
171	291
171	325
171	348
171	370
171	455
171	481
171	482
172	91
172	126
172	357
172	376
172	455
172	468
172	496
173	20
173	212
173	273
173	286
173	379
173	458
173	498
174	334
174	370
174	399
174	401
174	413
174	481
174	482
174	485
175	349
175	380
175	412
175	417
175	442
175	447
175	450
175	454
176	304
176	355
176	398
176	420
176	460
176	466
176	470
176	493
177	104
177	147
177	283
177	329
177	400
177	461
177	466
177	483
178	267
178	336
178	396
178	452
178	469
178	484
178	486
178	495
179	32
179	300
179	385
179	430
179	446
179	457
179	480
179	488
180	186
180	328
180	431
180	443
180	464
180	489
180	491
180	494
181	56
181	68
181	89
181	203
181	215
181	233
181	317
181	322
182	198
182	248
182	377
182	390
182	403
182	422
182	433
182	445
183	61
183	164
183	168
183	188
183	263
183	372
183	378
183	451
184	185
184	406
184	431
184	437
184	449
184	459
184	484
184	494
185	110
185	184
185	193
185	323
185	374
185	420
185	456
185	499
186	180
186	283
186	409
186	431
186	437
186	449
186	491
186	494
187	124
187	353
187	425
187	448
187	473
187	483
187	487
187	497
188	144
188	168
188	183
188	263
188	310
188	372
188	378
188	413
189	99
189	112
189	166
189	235
189	261
189	280
189	281
189	367
190	109
190	196
190	280
190	334
190	359
190	373
190	393
190	475
191	296
191	297
191	375
191	387
191	420
191	421
191	441
191	499
192	13
192	45
192	254
192	355
192	374
192	397
192	400
192	493
193	38
193	142
193	185
193	213
193	296
193	441
193	456
193	499
194	123
194	318
194	423
194	424
194	452
194	464
194	486
194	495
195	13
195	14
195	136
195	256
195	345
195	355
195	400
195	493
196	190
196	219
196	272
196	278
196	334
196	373
196	393
196	394
197	35
197	216
197	380
197	412
197	417
197	442
197	447
197	450
198	1
198	143
198	182
198	402
198	445
198	466
198	493
198	499
199	146
199	229
199	316
199	406
199	464
199	465
199	489
199	500
200	16
200	80
200	377
200	402
200	403
200	445
200	450
200	493
201	18
201	262
201	347
201	384
201	386
201	418
201	462
201	472
202	37
202	54
202	97
202	119
202	159
202	204
202	346
202	389
203	58
203	181
203	236
203	271
203	303
203	321
203	322
203	399
204	34
204	37
204	46
204	129
204	159
204	202
204	353
204	389
205	388
205	434
205	439
205	479
205	484
205	487
205	492
205	497
206	80
206	293
206	377
206	403
206	422
206	433
206	462
206	493
207	163
207	217
207	221
207	237
207	259
207	270
207	366
207	477
208	111
208	361
208	412
208	417
208	447
208	450
208	454
208	465
209	18
209	122
209	386
209	408
209	419
209	422
209	462
209	472
210	40
210	98
210	131
210	167
210	243
210	251
210	269
210	306
211	165
211	276
211	374
211	375
211	416
211	421
211	441
211	499
212	118
212	173
212	274
212	286
212	312
212	416
212	427
212	438
213	110
213	193
213	276
213	297
213	356
213	391
213	441
213	499
214	218
214	276
214	351
214	405
214	414
214	415
214	489
214	500
215	56
215	89
215	181
215	246
215	271
215	317
215	322
215	443
216	197
216	289
216	380
216	412
216	442
216	447
216	450
216	454
217	85
217	163
217	207
217	221
217	237
217	259
217	270
217	477
218	214
218	258
218	369
218	455
218	463
218	465
218	473
218	480
219	196
219	266
219	278
219	334
219	337
219	373
219	394
219	448
220	221
220	286
220	309
220	314
220	427
220	471
220	478
220	498
221	207
221	217
221	220
221	237
221	259
221	270
221	343
221	477
222	73
222	302
222	314
222	407
222	408
222	438
222	478
222	498
223	247
223	261
223	321
223	348
223	413
223	467
223	482
223	485
224	86
224	115
224	282
224	347
224	402
224	422
224	433
224	445
225	244
225	361
225	380
225	412
225	417
225	442
225	447
225	450
226	39
226	52
226	276
226	323
226	441
226	456
226	469
226	499
227	28
227	69
227	90
227	239
227	242
227	284
227	313
227	350
227	453
228	91
228	300
228	325
228	432
228	457
228	468
228	474
228	488
228	496
229	148
229	199
229	339
229	359
229	432
229	447
229	476
229	489
229	500
230	412
230	414
230	415
230	442
230	447
230	454
230	465
230	489
230	500
231	262
231	264
231	330
231	381
231	410
231	428
231	455
231	481
231	482
232	75
232	258
232	439
232	448
232	463
232	479
232	490
232	492
232	497
233	108
233	114
233	181
233	288
233	368
233	420
233	429
233	468
233	475
234	152
234	353
234	448
234	463
234	473
234	479
234	487
234	490
234	492
235	99
235	127
235	156
235	166
235	189
235	261
235	281
235	367
235	399
236	203
236	237
236	255
236	370
236	408
236	410
236	418
236	428
236	472
237	85
237	163
237	207
237	217
237	221
237	236
237	259
237	270
237	477
238	239
238	300
238	363
238	364
238	376
238	428
238	467
238	480
238	481
239	28
239	90
239	139
239	151
239	227
239	238
239	313
239	327
239	350
240	10
240	286
240	319
240	341
240	376
240	416
240	438
240	471
240	498
241	67
241	271
241	285
241	320
241	437
241	459
241	464
241	491
241	494
242	50
242	107
242	151
242	227
242	253
242	313
242	327
242	350
242	375
243	40
243	102
243	167
243	210
243	251
243	264
243	269
243	306
243	319
244	225
244	265
244	289
244	380
244	412
244	417
244	442
244	447
244	454
245	92
245	251
245	269
245	306
245	330
245	413
245	482
245	483
245	485
246	6
246	68
246	87
246	154
246	215
246	271
246	317
246	322
246	418
247	223
247	307
247	425
247	448
247	463
247	467
247	471
247	479
247	482
248	22
248	34
248	37
248	97
248	159
248	182
248	308
248	346
248	389
249	318
249	336
249	364
249	395
249	423
249	424
249	469
249	486
249	495
250	45
250	256
250	292
250	382
250	460
250	461
250	470
250	483
250	493
251	92
251	98
251	131
251	210
251	243
251	245
251	269
251	306
251	479
252	83
252	97
252	130
252	136
252	294
252	329
252	349
252	470
252	472
253	50
253	70
253	242
253	284
253	399
253	425
253	479
253	487
253	492
254	13
254	192
254	268
254	292
254	304
254	460
254	466
254	470
254	490
255	236
255	303
255	358
255	366
255	386
255	408
255	419
255	462
255	472
256	83
256	195
256	250
256	329
256	355
256	398
256	437
256	461
256	470
257	134
257	135
257	294
257	299
257	340
257	366
257	384
257	408
257	453
258	218
258	232
258	311
258	411
258	448
258	479
258	487
258	490
258	497
259	85
259	163
259	207
259	217
259	221
259	237
259	270
259	343
259	473
259	477
260	267
260	351
260	362
260	395
260	404
260	423
260	452
260	469
260	486
260	495
261	99
261	112
261	127
261	156
261	166
261	189
261	223
261	235
261	281
261	367
262	79
262	134
262	201
262	231
262	332
262	387
262	408
262	435
262	462
262	472
263	7
263	61
263	72
263	144
263	164
263	183
263	188
263	310
263	372
263	378
264	26
264	231
264	243
264	307
264	348
264	363
264	381
264	481
264	482
264	485
265	244
265	405
265	414
265	432
265	444
265	455
265	465
265	476
265	489
265	500
266	109
266	219
266	278
266	280
266	334
266	337
266	373
266	394
266	475
266	495
267	123
267	134
267	178
267	260
267	371
267	396
267	452
267	469
267	486
267	495
268	33
268	154
268	254
268	307
268	382
268	398
268	399
268	467
268	470
268	482
269	40
269	92
269	131
269	167
269	210
269	243
269	245
269	251
269	270
269	306
270	85
270	163
270	207
270	217
270	221
270	237
270	259
270	269
270	343
270	477
271	6
271	68
271	89
271	154
271	203
271	215
271	241
271	246
271	317
271	322
272	80
272	196
272	282
272	390
272	402
272	403
272	422
272	433
272	445
272	493
273	59
273	65
273	173
273	286
273	312
273	314
273	427
273	452
273	471
273	478
274	133
274	158
274	212
274	318
274	342
274	423
274	424
274	452
274	486
274	495
275	36
275	324
275	380
275	392
275	409
275	426
275	440
275	459
275	491
275	494
276	211
276	213
276	214
276	226
276	375
276	391
276	421
276	441
276	456
276	499
277	278
277	392
277	406
277	409
277	426
277	443
277	449
277	464
277	484
277	491
278	109
278	196
278	219
278	266
278	277
278	280
278	373
278	393
278	394
278	475
279	33
279	94
279	305
279	431
279	437
279	440
279	449
279	464
279	491
279	494
280	24
280	106
280	189
280	190
280	266
280	278
280	334
280	393
280	394
280	475
281	99
281	112
281	127
281	156
281	166
281	189
281	235
281	261
281	282
281	367
282	80
282	224
282	272
282	281
282	377
282	390
282	402
282	433
282	445
282	493
283	177
283	186
283	292
283	294
283	311
283	329
283	349
283	398
283	466
283	483
284	69
284	107
284	139
284	151
284	227
284	253
284	313
284	327
284	350
284	388
285	241
285	305
285	397
285	406
285	421
285	431
285	437
285	440
285	464
285	494
286	173
286	212
286	220
286	240
286	273
286	287
286	309
286	438
286	478
286	492
287	59
287	286
287	298
287	314
287	347
287	354
287	407
287	458
287	471
287	498
288	233
288	325
288	335
288	368
288	372
288	429
288	446
288	451
288	457
288	488
289	216
289	244
289	361
289	409
289	412
289	417
289	442
289	447
289	450
289	454
290	296
290	297
290	356
290	374
290	375
290	391
290	411
290	441
290	456
290	499
291	128
291	137
291	171
291	303
291	363
291	381
291	413
291	467
291	482
291	492
292	33
292	104
292	120
292	250
292	254
292	283
292	311
292	329
292	345
292	388
292	461
293	138
293	206
293	328
293	403
293	406
293	422
293	431
293	437
293	445
293	484
293	493
294	123
294	155
294	252
294	257
294	283
294	331
294	345
294	400
294	460
294	461
294	466
295	117
295	145
295	301
295	302
295	319
295	370
295	407
295	427
295	458
295	471
295	478
296	161
296	191
296	193
296	290
296	356
296	375
296	386
296	420
296	421
296	441
296	499
297	88
297	191
297	213
297	290
297	361
297	375
297	391
297	421
297	441
297	456
297	499
298	287
298	314
298	416
298	417
298	427
298	436
298	438
298	458
298	471
298	478
298	498
299	169
299	257
299	358
299	385
299	387
299	408
299	418
299	419
299	435
299	457
299	462
300	12
300	101
300	170
300	179
300	228
300	238
300	338
300	368
300	376
300	451
300	496
301	98
301	295
301	302
301	354
301	411
301	458
301	471
301	487
301	490
301	492
301	497
302	152
302	222
302	295
302	301
302	407
302	436
302	458
302	471
302	478
302	490
302	498
303	203
303	255
303	291
303	330
303	363
303	370
303	399
303	413
303	455
303	467
303	485
304	41
304	104
304	147
304	176
304	254
304	349
304	398
304	447
304	466
304	483
304	493
305	279
305	285
305	316
305	328
305	426
305	440
305	449
305	464
305	484
305	491
305	494
306	40
306	92
306	98
306	131
306	167
306	210
306	243
306	245
306	251
306	269
306	495
307	115
307	128
307	247
307	264
307	268
307	309
307	399
307	401
307	410
307	413
307	481
308	248
308	353
308	425
308	433
308	434
308	473
308	479
308	484
308	487
308	490
308	497
309	10
309	220
309	286
309	307
309	319
309	341
309	379
309	416
309	458
309	471
309	498
310	61
310	63
310	72
310	144
310	164
310	168
310	188
310	263
310	324
310	372
310	378
311	258
311	283
311	292
311	355
311	374
311	398
311	400
311	460
311	461
311	470
311	483
312	117
312	212
312	273
312	314
312	327
312	341
312	354
312	416
312	458
312	478
312	498
313	69
313	70
313	107
313	139
313	151
313	227
313	239
313	242
313	284
313	314
313	327
314	220
314	222
314	273
314	287
314	298
314	312
314	313
314	427
314	458
314	471
314	478
315	13
315	21
315	83
315	329
315	349
315	383
315	405
315	458
315	461
315	489
315	500
316	199
316	305
316	320
316	409
316	425
316	426
316	431
316	443
316	459
316	464
316	491
317	6
317	56
317	68
317	87
317	89
317	154
317	181
317	215
317	246
317	271
317	322
317	406
318	151
318	194
318	249
318	274
318	336
318	362
318	363
318	404
318	423
318	424
318	469
318	495
319	59
319	116
319	240
319	243
319	295
319	309
319	407
319	436
319	438
319	471
319	478
319	498
320	241
320	316
320	328
320	371
320	437
320	440
320	443
320	449
320	459
320	464
320	491
320	494
321	115
321	203
321	223
321	348
321	362
321	363
321	381
321	382
321	401
321	467
321	481
321	485
322	6
322	56
322	68
322	89
322	154
322	164
322	181
322	203
322	215
322	246
322	271
322	317
323	88
323	110
323	185
323	226
323	356
323	374
323	375
323	391
323	421
323	429
323	456
323	499
324	4
324	36
324	275
324	310
324	392
324	406
324	426
324	437
324	443
324	449
324	491
324	494
325	12
325	95
325	108
325	126
325	140
325	171
325	228
325	288
325	420
325	451
325	483
325	496
326	103
326	149
326	378
326	383
326	405
326	415
326	444
326	475
326	476
326	477
326	489
326	500
327	28
327	50
327	90
327	107
327	139
327	151
327	239
327	242
327	284
327	312
327	313
327	350
328	100
328	180
328	293
328	305
328	320
328	392
328	409
328	440
328	454
328	459
328	491
328	494
329	1
329	143
329	177
329	252
329	256
329	283
329	292
329	315
329	416
329	460
329	461
329	470
330	231
330	245
330	303
330	363
330	396
330	397
330	401
330	428
330	467
330	481
330	482
330	485
331	82
331	143
331	294
331	400
331	415
331	440
331	444
331	455
331	461
331	470
331	476
331	500
332	43
332	135
332	262
332	340
332	418
332	430
332	457
332	472
332	474
332	480
332	481
332	483
333	13
333	33
333	41
333	67
333	71
333	120
333	345
333	349
333	397
333	400
333	460
333	493
334	48
334	174
334	190
334	196
334	219
334	266
334	280
334	337
334	358
334	373
334	393
334	475
335	28
335	91
335	288
335	343
335	364
335	430
335	446
335	457
335	468
335	474
335	488
335	496
336	133
336	178
336	249
336	318
336	352
336	371
336	395
336	424
336	452
336	469
336	486
336	495
337	24
337	48
337	55
337	106
337	109
337	219
337	266
337	334
337	338
337	373
337	393
337	394
338	38
338	300
338	337
338	384
338	419
338	435
338	453
338	457
338	468
338	483
338	488
338	496
339	21
339	103
339	229
339	383
339	405
339	415
339	432
339	444
339	455
339	465
339	476
339	486
340	38
340	121
340	125
340	257
340	332
340	366
340	384
340	385
340	387
340	394
340	418
340	453
341	59
341	101
341	132
341	240
341	309
341	312
341	427
341	436
341	438
341	444
341	458
341	498
342	15
342	24
342	158
342	274
342	395
342	396
342	404
342	423
342	452
342	469
342	486
342	495
343	85
343	221
343	259
343	270
343	335
343	368
343	384
343	446
343	477
343	480
343	488
343	496
344	21
344	112
344	160
344	360
344	383
344	391
344	414
344	432
344	444
344	477
344	489
344	500
345	120
345	195
345	292
345	294
345	333
345	348
345	349
345	355
345	398
345	400
345	461
345	466
345	470
346	22
346	37
346	46
346	54
346	105
346	119
346	129
346	159
346	202
346	248
346	389
346	461
346	469
347	53
347	75
347	86
347	122
347	201
347	224
347	287
347	390
347	422
347	433
347	445
347	453
347	462
348	17
348	171
348	223
348	264
348	321
348	345
348	401
348	410
348	413
348	428
348	467
348	481
348	485
349	36
349	45
349	83
349	175
349	252
349	283
349	304
349	315
349	333
349	345
349	460
349	466
349	483
350	28
350	50
350	69
350	70
350	90
350	139
350	151
350	227
350	239
350	242
350	284
350	327
350	471
351	29
351	51
351	74
351	82
351	141
351	150
351	214
351	260
351	359
351	444
351	465
351	476
351	489
352	124
352	138
352	336
352	353
352	411
352	425
352	439
352	448
352	463
352	487
352	490
352	492
352	497
353	187
353	204
353	234
353	308
353	352
353	425
353	434
353	463
353	473
353	479
353	490
353	492
353	497
354	14
354	118
354	287
354	301
354	312
354	355
354	407
354	416
354	436
354	438
354	458
354	478
354	498
355	66
355	136
355	176
355	192
355	195
355	256
355	311
355	345
355	354
355	398
355	460
355	466
355	493
356	77
356	88
356	142
356	165
356	213
356	290
356	296
356	323
356	375
356	421
356	441
356	456
356	499
357	45
357	51
357	82
357	172
357	405
357	429
357	432
357	444
357	451
357	468
357	476
357	483
357	496
358	78
358	79
358	121
358	255
358	299
358	334
358	366
358	408
358	418
358	419
358	453
358	462
358	472
359	27
359	47
359	51
359	160
359	190
359	229
359	351
359	405
359	415
359	432
359	444
359	476
359	489
359	500
360	60
360	92
360	103
360	148
360	344
360	415
360	432
360	444
360	448
360	455
360	465
360	477
360	489
360	500
361	35
361	64
361	208
361	225
361	289
361	297
361	380
361	412
361	417
361	424
361	442
361	447
361	450
361	454
362	81
362	158
362	260
362	318
362	321
362	365
362	396
362	404
362	423
362	424
362	452
362	469
362	486
362	495
363	26
363	238
363	264
363	291
363	303
363	318
363	321
363	330
363	370
363	381
363	382
363	399
363	481
363	485
364	44
364	110
364	145
364	238
364	249
364	335
364	376
364	430
364	451
364	457
364	468
364	475
364	480
364	488
365	123
365	362
365	390
365	396
365	423
365	439
365	473
365	479
365	486
365	488
365	490
365	492
365	495
365	497
366	79
366	207
366	255
366	257
366	340
366	358
366	370
366	384
366	387
366	418
366	419
366	453
366	462
366	472
367	127
367	166
367	189
367	235
367	261
367	281
367	385
367	411
367	436
367	448
367	473
367	487
367	492
367	497
368	12
368	91
368	140
368	233
368	288
368	300
368	343
368	429
368	446
368	457
368	467
368	474
368	488
368	496
369	138
369	218
369	402
369	411
369	434
369	439
369	459
369	463
369	473
369	484
369	487
369	490
369	492
369	497
370	115
370	171
370	174
370	236
370	295
370	303
370	363
370	366
370	399
370	401
370	410
370	413
370	482
370	485
371	31
371	81
371	267
371	320
371	336
371	395
371	404
371	423
371	424
371	447
371	452
371	469
371	486
371	495
372	7
372	57
372	61
372	63
372	72
372	144
372	164
372	168
372	183
372	188
372	263
372	288
372	310
372	378
373	24
373	48
373	55
373	106
373	190
373	196
373	219
373	266
373	278
373	334
373	337
373	393
373	394
373	398
373	475
374	39
374	142
374	165
374	185
374	192
374	211
374	290
374	311
374	323
374	375
374	391
374	421
374	441
374	456
374	499
375	52
375	88
375	191
375	211
375	242
375	276
375	290
375	296
375	297
375	323
375	356
375	374
375	391
375	456
375	499
376	3
376	8
376	19
376	96
376	172
376	238
376	240
376	300
376	364
376	420
376	429
376	430
376	474
376	480
376	496
377	16
377	76
377	84
377	86
377	182
377	200
377	206
377	282
377	379
377	402
377	403
377	422
377	433
377	445
377	493
378	7
378	57
378	61
378	63
378	72
378	144
378	164
378	168
378	183
378	188
378	263
378	310
378	326
378	372
378	457
379	14
379	73
379	116
379	118
379	132
379	173
379	309
379	377
379	407
379	416
379	427
379	438
379	458
379	471
379	498
380	11
380	30
380	111
380	175
380	197
380	216
380	225
380	244
380	275
380	361
380	412
380	442
380	447
380	450
380	454
381	74
381	113
381	231
381	264
381	291
381	321
381	363
381	401
381	410
381	428
381	467
381	481
381	482
381	483
381	485
382	25
382	102
382	108
382	131
382	250
382	268
382	321
382	363
382	386
382	401
382	428
382	474
382	481
382	488
382	496
383	47
383	82
383	89
383	93
383	148
383	315
383	326
383	339
383	344
383	405
383	415
383	432
383	465
383	489
383	500
384	75
384	125
384	201
384	257
384	338
384	340
384	343
384	366
384	387
384	408
384	418
384	419
384	453
384	462
384	472
385	75
385	179
385	299
385	340
385	367
385	418
385	419
385	453
385	463
385	472
385	473
385	478
385	479
385	487
385	497
386	43
386	108
386	125
386	201
386	209
386	255
386	296
386	382
386	419
386	451
386	453
386	455
386	457
386	483
386	488
387	75
387	125
387	134
387	169
387	191
387	262
387	299
387	340
387	366
387	384
387	418
387	419
387	435
387	462
387	472
388	138
388	162
388	205
388	284
388	292
388	411
388	434
388	439
388	448
388	463
388	473
388	487
388	490
388	492
388	497
389	22
389	34
389	37
389	46
389	54
389	97
389	105
389	119
389	129
389	159
389	202
389	204
389	248
389	346
389	407
390	16
390	58
390	76
390	84
390	182
390	272
390	282
390	347
390	365
390	402
390	403
390	422
390	433
390	445
390	493
391	39
391	52
391	88
391	165
391	213
391	276
391	290
391	297
391	323
391	344
391	374
391	375
391	421
391	456
391	499
392	4
392	67
392	275
392	277
392	324
392	328
392	397
392	404
392	406
392	424
392	437
392	440
392	449
392	491
392	494
393	29
393	48
393	55
393	58
393	106
393	109
393	190
393	196
393	278
393	280
393	334
393	337
393	373
393	394
393	475
394	24
394	48
394	55
394	58
394	106
394	196
394	219
394	266
394	278
394	280
394	337
394	340
394	373
394	393
394	478
395	123
395	142
395	249
395	260
395	336
395	342
395	371
395	396
395	397
395	404
395	423
395	424
395	452
395	486
395	495
396	31
396	123
396	178
396	267
396	330
396	342
396	362
396	365
396	395
396	404
396	423
396	424
396	427
396	469
396	486
396	495
397	71
397	155
397	192
397	285
397	330
397	333
397	392
397	395
397	398
397	409
397	431
397	443
397	460
397	461
397	491
397	494
398	41
398	66
398	155
398	176
398	256
398	268
398	283
398	304
398	311
398	345
398	355
398	373
398	397
398	466
398	483
398	497
399	113
399	174
399	203
399	235
399	253
399	268
399	303
399	307
399	363
399	370
399	401
399	413
399	428
399	467
399	481
399	482
400	66
400	104
400	136
400	156
400	177
400	192
400	195
400	294
400	311
400	331
400	333
400	345
400	401
400	461
400	466
400	487
401	17
401	143
401	174
401	307
401	321
401	330
401	348
401	370
401	381
401	382
401	399
401	400
401	428
401	467
401	481
401	482
402	76
402	80
402	146
402	198
402	200
402	224
402	272
402	282
402	369
402	377
402	390
402	403
402	422
402	433
402	445
402	493
403	62
403	76
403	86
403	146
403	182
403	200
403	206
403	272
403	293
403	377
403	390
403	402
403	433
403	445
403	488
403	500
404	15
404	133
404	260
404	318
404	342
404	362
404	371
404	392
404	395
404	396
404	423
404	424
404	452
404	469
404	486
404	495
405	21
405	64
405	214
405	265
405	315
405	326
405	339
405	357
405	359
405	383
405	414
405	415
405	455
405	465
405	480
405	500
406	184
406	199
406	277
406	285
406	293
406	317
406	324
406	392
406	409
406	426
406	431
406	443
406	459
406	491
406	494
406	495
407	10
407	20
407	53
407	132
407	145
407	222
407	287
407	295
407	302
407	319
407	354
407	379
407	389
407	427
407	471
407	478
407	498
408	78
408	134
408	157
408	209
408	222
408	236
408	255
408	257
408	262
408	299
408	358
408	384
408	418
408	419
408	435
408	469
408	472
409	186
409	275
409	277
409	289
409	316
409	328
409	397
409	406
409	431
409	437
409	440
409	443
409	449
409	464
409	484
409	491
409	494
410	9
410	42
410	113
410	115
410	128
410	231
410	236
410	307
410	348
410	370
410	381
410	428
410	466
410	468
410	481
410	482
410	485
411	162
411	258
411	290
411	301
411	352
411	367
411	369
411	388
411	425
411	434
411	439
411	448
411	479
411	487
411	490
411	492
411	497
412	11
412	175
412	197
412	208
412	216
412	225
412	230
412	244
412	289
412	361
412	380
412	417
412	442
412	447
412	450
412	454
412	474
413	9
413	26
413	42
413	128
413	174
413	188
413	223
413	245
413	291
413	303
413	307
413	348
413	370
413	399
413	455
413	485
413	489
414	47
414	112
414	148
414	150
414	214
414	230
414	265
414	344
414	405
414	415
414	432
414	444
414	455
414	476
414	487
414	489
414	500
415	29
415	74
415	150
415	214
415	230
415	326
415	331
415	339
415	359
415	360
415	383
415	405
415	414
415	456
415	465
415	476
415	500
416	73
416	101
416	152
416	211
416	212
416	240
416	298
416	309
416	312
416	329
416	354
416	379
416	427
416	436
416	438
416	478
416	498
417	30
417	35
417	40
417	111
417	175
417	197
417	208
417	225
417	244
417	289
417	298
417	361
417	412
417	442
417	447
417	450
417	454
418	47
418	125
418	201
418	236
418	246
418	299
418	332
418	340
418	358
418	366
418	384
418	385
418	387
418	408
418	435
418	453
418	472
419	78
419	121
419	169
419	209
419	255
419	299
419	338
419	358
419	366
419	384
419	385
419	386
419	387
419	408
419	453
419	462
419	498
420	62
420	76
420	96
420	161
420	176
420	185
420	191
420	233
420	296
420	325
420	376
420	421
420	441
420	474
420	488
420	496
420	499
421	39
421	62
421	110
421	161
421	191
421	211
421	276
421	285
421	296
421	297
421	323
421	356
421	374
421	391
421	420
421	456
421	499
422	16
422	76
422	84
422	86
422	146
422	182
422	206
422	209
422	224
422	272
422	293
422	347
422	377
422	390
422	402
422	433
422	445
422	493
423	31
423	194
423	249
423	260
423	274
423	318
423	342
423	362
423	365
423	371
423	395
423	396
423	404
423	452
423	469
423	472
423	486
423	495
424	15
424	31
424	194
424	249
424	274
424	318
424	336
424	361
424	362
424	371
424	392
424	395
424	396
424	404
424	452
424	469
424	486
424	495
425	137
425	187
425	247
425	253
425	308
425	316
425	352
425	353
425	411
425	448
425	449
425	463
425	473
425	479
425	484
425	490
425	492
425	497
426	36
426	49
426	94
426	114
426	275
426	277
426	305
426	316
426	324
426	406
426	440
426	443
426	449
426	459
426	474
426	484
426	491
426	494
427	59
427	118
427	132
427	212
427	220
427	273
427	295
427	298
427	314
427	341
427	379
427	396
427	407
427	416
427	429
427	436
427	458
427	498
428	17
428	231
428	236
428	238
428	330
428	348
428	381
428	382
428	399
428	401
428	410
428	443
428	455
428	467
428	476
428	481
428	482
428	485
429	8
429	12
429	126
429	233
429	288
429	323
429	357
429	368
429	376
429	427
429	430
429	446
429	451
429	457
429	468
429	474
429	480
429	488
430	19
430	25
430	95
430	140
430	155
430	179
430	332
430	335
430	364
430	376
430	429
430	433
430	446
430	451
430	474
430	475
430	480
430	496
431	32
431	49
431	170
431	180
431	184
431	186
431	279
431	285
431	293
431	316
431	397
431	406
431	409
431	449
431	459
431	464
431	491
431	494
432	27
432	82
432	135
432	141
432	153
432	228
432	229
432	265
432	339
432	344
432	357
432	359
432	360
432	383
432	414
432	465
432	476
432	500
433	80
433	84
433	86
433	146
433	182
433	206
433	224
433	272
433	282
433	308
433	347
433	377
433	390
433	402
433	403
433	422
433	430
433	445
433	493
434	5
434	51
434	157
434	162
434	205
434	308
434	353
434	369
434	388
434	411
434	439
434	448
434	473
434	479
434	484
434	487
434	490
434	492
434	497
435	18
435	78
435	79
435	87
435	121
435	122
435	157
435	169
435	262
435	299
435	338
435	387
435	408
435	418
435	436
435	437
435	453
435	462
435	472
436	14
436	20
436	59
436	73
436	116
436	117
436	132
436	298
436	302
436	319
436	341
436	354
436	367
436	416
436	427
436	435
436	438
436	458
436	471
437	49
437	100
437	184
437	186
437	241
437	256
437	279
437	285
437	293
437	320
437	324
437	392
437	409
437	435
437	440
437	449
437	459
437	484
437	491
438	10
438	20
438	53
438	212
438	222
438	240
438	286
438	298
438	319
438	341
438	354
438	379
438	416
438	436
438	439
438	440
438	458
438	471
438	498
439	5
439	77
439	124
439	161
439	205
439	232
439	352
439	365
439	369
439	388
439	411
439	434
439	438
439	463
439	473
439	479
439	487
439	490
439	492
440	4
440	36
440	94
440	275
440	279
440	285
440	305
440	320
440	328
440	331
440	392
440	409
440	426
440	437
440	438
440	443
440	464
440	484
440	494
441	19
441	52
441	62
441	110
441	142
441	191
441	193
441	211
441	213
441	226
441	276
441	290
441	296
441	297
441	356
441	374
441	420
441	456
441	482
441	499
442	11
442	30
442	35
442	64
442	175
442	197
442	216
442	225
442	230
442	244
442	289
442	361
442	380
442	412
442	417
442	445
442	447
442	450
442	454
442	485
443	2
443	4
443	49
443	67
443	180
443	215
443	277
443	316
443	320
443	324
443	397
443	406
443	409
443	426
443	428
443	440
443	449
443	459
443	491
443	494
444	100
444	103
444	135
444	149
444	160
444	265
444	326
444	331
444	339
444	341
444	344
444	351
444	357
444	359
444	360
444	414
444	465
444	477
444	489
444	500
445	16
445	84
445	146
445	182
445	198
445	200
445	224
445	272
445	282
445	293
445	347
445	377
445	390
445	402
445	403
445	422
445	433
445	442
445	464
445	493
446	23
446	32
446	96
446	114
446	179
446	288
446	335
446	343
446	368
446	429
446	430
446	451
446	457
446	459
446	468
446	474
446	480
446	483
446	487
446	496
447	11
447	64
447	175
447	197
447	208
447	216
447	225
447	229
447	230
447	244
447	289
447	304
447	361
447	371
447	380
447	412
447	417
447	442
447	450
447	454
448	5
448	162
448	187
448	219
448	232
448	234
448	247
448	258
448	352
448	360
448	367
448	388
448	411
448	425
448	434
448	473
448	479
448	484
448	490
448	497
449	32
449	184
449	186
449	277
449	279
449	305
449	320
449	324
449	392
449	409
449	425
449	426
449	431
449	437
449	443
449	459
449	464
449	484
449	491
449	492
450	11
450	30
450	35
450	64
450	111
450	117
450	175
450	197
450	200
450	208
450	216
450	225
450	289
450	361
450	380
450	412
450	417
450	442
450	447
450	454
451	44
451	57
451	72
451	102
451	170
451	183
451	288
451	300
451	325
451	357
451	364
451	386
451	429
451	430
451	446
451	457
451	468
451	474
451	475
451	480
452	16
452	81
452	133
452	158
452	178
452	194
452	260
452	267
452	273
452	274
452	336
452	342
452	362
452	371
452	395
452	404
452	423
452	424
452	469
452	486
452	495
453	75
453	87
453	122
453	134
453	169
453	227
453	257
453	338
453	340
453	347
453	358
453	366
453	384
453	385
453	386
453	418
453	419
453	435
453	462
453	472
453	477
454	11
454	30
454	35
454	64
454	111
454	175
454	208
454	216
454	230
454	244
454	289
454	328
454	361
454	380
454	412
454	417
454	442
454	447
454	450
454	473
454	479
455	17
455	26
455	171
455	172
455	218
455	231
455	265
455	303
455	331
455	339
455	360
455	386
455	405
455	413
455	414
455	428
455	465
455	467
455	482
455	489
455	500
456	1
456	52
456	62
456	142
456	161
456	165
456	185
456	193
456	226
456	276
456	290
456	297
456	323
456	356
456	374
456	375
456	391
456	415
456	421
456	441
456	499
457	60
457	91
457	170
457	179
457	228
457	288
457	299
457	332
457	335
457	338
457	364
457	368
457	378
457	386
457	429
457	446
457	451
457	474
457	475
457	480
457	496
458	6
458	20
458	93
458	116
458	118
458	173
458	287
458	295
458	298
458	301
458	302
458	309
458	312
458	314
458	315
458	341
458	354
458	379
458	427
458	436
458	438
458	498
459	2
459	4
459	94
459	100
459	117
459	184
459	241
459	275
459	316
459	320
459	328
459	369
459	406
459	426
459	431
459	437
459	443
459	446
459	449
459	464
459	484
459	494
460	1
460	3
460	83
460	97
460	104
460	113
460	136
460	147
460	149
460	158
460	176
460	250
460	254
460	294
460	311
460	329
460	333
460	349
460	355
460	397
460	461
460	470
461	1
461	41
461	66
461	97
461	120
461	177
461	250
461	256
461	292
461	294
461	311
461	315
461	329
461	331
461	345
461	346
461	397
461	400
461	460
461	463
461	466
461	483
462	18
462	32
462	87
462	121
462	134
462	135
462	157
462	201
462	206
462	209
462	255
462	262
462	299
462	347
462	358
462	366
462	384
462	387
462	419
462	435
462	453
462	472
463	5
463	139
463	162
463	218
463	232
463	234
463	247
463	352
463	353
463	369
463	385
463	388
463	425
463	439
463	461
463	473
463	479
463	484
463	487
463	490
463	492
463	497
464	2
464	36
464	49
464	100
464	117
464	180
464	194
464	199
464	241
464	277
464	279
464	285
464	305
464	316
464	320
464	409
464	431
464	440
464	445
464	449
464	459
464	484
465	21
465	74
465	148
465	150
465	153
465	199
465	208
465	218
465	230
465	265
465	339
465	351
465	360
465	383
465	405
465	415
465	432
465	444
465	455
465	466
465	476
465	489
466	33
466	41
466	45
466	71
466	156
466	176
466	177
466	198
466	254
466	283
466	294
466	304
466	345
466	349
466	355
466	398
466	400
466	410
466	461
466	465
466	483
466	493
467	9
467	17
467	42
467	115
467	128
467	223
467	238
467	247
467	268
467	291
467	303
467	321
467	330
467	348
467	368
467	381
467	399
467	401
467	428
467	455
467	481
467	485
467	491
468	23
468	25
468	32
468	43
468	44
468	91
468	108
468	145
468	152
468	172
468	228
468	233
468	335
468	338
468	357
468	364
468	410
468	429
468	446
468	451
468	474
468	496
468	500
469	15
469	81
469	133
469	158
469	178
469	226
469	249
469	260
469	267
469	318
469	336
469	342
469	346
469	362
469	371
469	396
469	404
469	408
469	423
469	424
469	452
469	486
469	495
470	42
470	45
470	71
470	83
470	104
470	112
470	136
470	143
470	147
470	149
470	176
470	250
470	252
470	254
470	256
470	268
470	311
470	329
470	331
470	345
470	460
470	483
470	493
471	14
471	65
471	93
471	116
471	118
471	220
471	240
471	247
471	273
471	287
471	295
471	298
471	301
471	302
471	309
471	314
471	319
471	350
471	379
471	407
471	436
471	438
471	478
472	18
472	38
472	78
472	121
472	169
472	201
472	209
472	236
472	252
472	255
472	262
472	332
472	358
472	366
472	384
472	385
472	387
472	408
472	418
472	423
472	435
472	453
472	462
472	485
473	124
473	187
473	218
473	234
473	259
473	308
473	353
473	365
473	367
473	369
473	385
473	388
473	425
473	434
473	439
473	448
473	454
473	463
473	479
473	484
473	487
473	490
473	492
473	497
474	3
474	8
474	19
474	44
474	95
474	96
474	102
474	145
474	228
474	332
474	335
474	368
474	376
474	382
474	412
474	420
474	426
474	429
474	430
474	446
474	451
474	457
474	468
474	488
475	24
475	43
475	48
475	55
475	58
475	93
475	140
475	152
475	170
475	190
475	233
475	266
475	278
475	280
475	326
475	334
475	364
475	373
475	393
475	430
475	451
475	457
475	480
475	488
476	60
476	74
476	82
476	103
476	116
476	141
476	149
476	153
476	160
476	229
476	265
476	326
476	331
476	339
476	351
476	357
476	359
476	414
476	415
476	428
476	432
476	465
476	489
476	500
477	9
477	27
477	29
477	74
477	85
477	93
477	153
477	163
477	207
477	217
477	221
477	237
477	259
477	270
477	326
477	343
477	344
477	360
477	444
477	453
477	489
477	500
478	10
478	20
478	53
478	101
478	116
478	132
478	145
478	220
478	222
478	273
478	286
478	295
478	298
478	302
478	312
478	314
478	319
478	354
478	385
478	394
478	407
478	416
478	471
478	498
479	77
479	162
479	205
479	232
479	234
479	247
479	251
479	253
479	258
479	308
479	353
479	365
479	385
479	411
479	425
479	434
479	439
479	448
479	454
479	463
479	473
479	487
479	490
479	492
480	12
480	44
480	57
480	96
480	114
480	126
480	179
480	218
480	238
480	332
480	343
480	364
480	376
480	405
480	429
480	430
480	446
480	451
480	457
480	475
480	483
480	484
480	488
480	496
481	42
481	71
481	95
481	113
481	128
481	171
481	174
481	231
481	238
481	264
481	307
481	321
481	330
481	332
481	348
481	363
481	381
481	382
481	399
481	401
481	410
481	428
481	467
481	482
481	485
482	9
482	17
482	26
482	66
482	113
482	137
482	171
482	174
482	223
482	231
482	245
482	247
482	264
482	268
482	291
482	330
482	370
482	381
482	399
482	401
482	410
482	428
482	441
482	455
482	481
483	95
483	130
483	155
483	177
483	187
483	245
483	250
483	283
483	304
483	311
483	325
483	332
483	338
483	349
483	357
483	381
483	386
483	398
483	446
483	461
483	466
483	470
483	480
483	488
483	496
484	178
484	184
484	205
484	277
484	293
484	305
484	308
484	369
484	409
484	425
484	426
484	434
484	437
484	440
484	448
484	449
484	459
484	463
484	464
484	473
484	480
484	486
484	487
484	490
484	492
484	497
485	9
485	26
485	42
485	113
485	115
485	128
485	130
485	137
485	174
485	223
485	245
485	264
485	303
485	321
485	330
485	348
485	363
485	370
485	381
485	410
485	413
485	428
485	442
485	467
485	472
485	481
486	15
486	31
486	81
486	133
486	178
486	194
486	249
486	260
486	267
486	274
486	336
486	339
486	342
486	362
486	365
486	371
486	395
486	396
486	404
486	423
486	424
486	452
486	469
486	484
486	495
486	496
487	77
487	137
487	187
487	205
487	234
487	253
487	258
487	301
487	308
487	352
487	367
487	369
487	385
487	388
487	400
487	411
487	414
487	434
487	439
487	446
487	463
487	473
487	479
487	484
487	490
487	492
487	497
488	19
488	23
488	25
488	57
488	60
488	96
488	114
488	130
488	179
488	228
488	288
488	335
488	338
488	343
488	364
488	365
488	368
488	382
488	386
488	403
488	420
488	429
488	474
488	475
488	480
488	483
488	491
489	29
489	51
489	60
489	135
489	148
489	153
489	180
489	199
489	214
489	229
489	230
489	265
489	315
489	326
489	344
489	351
489	359
489	360
489	383
489	413
489	414
489	444
489	455
489	465
489	476
489	477
489	500
490	77
490	124
490	137
490	138
490	232
490	234
490	254
490	258
490	301
490	302
490	308
490	352
490	353
490	365
490	369
490	388
490	411
490	425
490	434
490	439
490	448
490	463
490	473
490	479
490	484
490	487
490	491
490	497
491	2
491	49
491	67
491	94
491	180
491	186
491	241
491	275
491	277
491	279
491	305
491	316
491	320
491	324
491	328
491	392
491	397
491	406
491	409
491	426
491	431
491	437
491	443
491	449
491	467
491	488
491	490
491	494
492	5
492	77
492	124
492	138
492	205
492	232
492	234
492	253
492	286
492	291
492	301
492	352
492	353
492	365
492	367
492	369
492	388
492	411
492	425
492	434
492	439
492	449
492	463
492	473
492	479
492	484
492	487
492	497
493	10
493	33
493	120
493	144
493	146
493	155
493	163
493	176
493	192
493	195
493	198
493	200
493	206
493	250
493	272
493	282
493	293
493	304
493	333
493	355
493	377
493	390
493	402
493	422
493	433
493	445
493	466
493	470
494	2
494	4
494	65
494	67
494	100
494	117
494	180
494	184
494	186
494	241
494	275
494	279
494	285
494	305
494	320
494	324
494	328
494	392
494	397
494	406
494	409
494	426
494	431
494	440
494	443
494	459
494	491
494	496
494	498
495	15
495	31
495	81
495	123
495	133
495	158
495	178
495	194
495	249
495	260
495	266
495	267
495	274
495	306
495	318
495	336
495	342
495	362
495	365
495	371
495	395
495	396
495	404
495	406
495	423
495	424
495	452
495	469
495	486
496	3
496	8
496	23
496	25
496	43
496	95
496	108
496	140
496	172
496	228
496	300
496	325
496	335
496	338
496	343
496	357
496	368
496	376
496	382
496	420
496	430
496	446
496	457
496	468
496	480
496	483
496	486
496	494
496	498
497	5
497	124
497	137
497	138
497	187
497	205
497	232
497	258
497	301
497	308
497	352
497	353
497	365
497	367
497	369
497	385
497	388
497	398
497	411
497	425
497	434
497	448
497	463
497	473
497	484
497	487
497	490
497	492
497	499
498	14
498	53
498	65
498	73
498	101
498	118
498	152
498	173
498	220
498	222
498	240
498	287
498	298
498	302
498	309
498	312
498	319
498	341
498	354
498	379
498	407
498	416
498	419
498	427
498	438
498	458
498	478
498	494
498	496
499	39
499	52
499	62
499	88
499	110
499	142
499	161
499	165
499	185
499	191
499	193
499	198
499	211
499	213
499	226
499	276
499	290
499	296
499	297
499	323
499	356
499	374
499	375
499	391
499	420
499	421
499	441
499	456
499	497
499	500
500	103
500	141
500	149
500	150
500	153
500	160
500	199
500	214
500	229
500	230
500	265
500	315
500	326
500	331
500	344
500	359
500	360
500	383
500	403
500	405
500	414
500	415
500	432
500	444
500	455
500	468
500	476
500	477
500	489
500	499
